jordanshennanornamentation
1000000000101011110000
1000000000101011110000
1000000000101011110000
1000000000101011001000
1000000000101011110000
1000000000101011000000
1000000000101011001000
1000000000101011000000
1000000000101011000000
1000000000101011000000
1000000000101011000000
1000000000101111110010
1000000000101111111010
1000000011101011110010
1000001000101100001100
1000001100000000001010
1000011111000000001111
1000001100000000001010
0000000000000000000000
0000000000000000000000
1000001000101010110011
1000001000101010110011
1000001000000000001010
1000001000101110001001
1000001010111010001001
1000000000000000001010
0000000000000000000000
1000000010000000001011
1000101000000000001001
1000101000000000001001
1000101000000000001001
1001101110000000001001
1001100010000000001000
1110000000000000000001
1110000000000000000001
1010000000000000000001
1110000000000000000001
1010000000000000000001
1010000000000000000000



JordanShennanTypesUses
0000000000010101111100001100011100000000000
0000000000010101111110011000011100000000000
0000000000010101111110011000011100000000000
0000000000010101111100011000011100000000000
0000000000010101111110011000011100000000000
0000000000010101011100011000011100000000000
0000000000010101111100011100011100000000000
0000000000010101111100011100011100000000000
0000000000010101110100011000011001000000000
0000000000010101110100011000011001000000000
0000000000010001111100011000011100000000000
0000000000010101111100011100011101000000000
0000000000010101111100011000011001000000000
0000000000010101111100011010011001101000000
1000000010010101111100010000011001000000000
1001000010010101111100010000011001000000000
0001000011011101110100010100011010000000000
0000000000010101110100010000011010000000000
0000000000000000000000000000000000000000000
0000000000000000000000000000000000000000000
0000000000010101100100011100011001000000000
0000000000010101100100011100011001000000000
1010000011000100000100000100011010000000001
1011000000010101111100010100011001101100000
1011000000000101011000010100000000100001000
0010000000010100000100011100000000010000000
0000000000000000000000000000000000000000000
1010010001000100000000001101000000010101000
1011110011010111010000011110100000111111000
1010100010110101110000110110000000011100000
1010100010110101110000110110000000011100000
1011100011110101111000010110010000111000000
1010010011110100010000010110110000010111000
1111110111100000000000010001010000010101000
1110110011000000010000010001010000010100100
0110110011010000110001010000010000010100100
0111111011100000000001010000010000010100100
0110111011000000000000010000010000010100100
0101111011000000000001010000010000010100110



jorgensen_etal1980
1001111101000001000011110111101010000010011
1001111101000000000011111111101110000010011
1001111101000000000010010111100100001110011
1001111101000000000010010111100100001110011
1001111101000000000010011111101110000010111
0001111101000000000010011001100011000010111
1001111101000000000010010111101100001110011
1001111101000000000010010111101100001110011
1101111101000000000010010111101100001110011
1101111101000000000010010111100100001100011
1011111101000000000010011011111100001110011
1011111101000010000010010010100100001100011
1011111100000000000010010011101100010000011
1111111101000000000010011111100101111110111
1101111101000000000010010111100101111100011
1111111101000000000010011101100111111110111
1101111101000010000010010101100101111110111
1101111101000010000010010101100101111100111
0111111101000000000010010100101111011110111
1111111101000000000010010100100101111110111
1111111101000000000010010100001100000010011
1011111101000011000010010010101010011100011
1111111101000010000010010011111111011110111
1011111101000000000011011111111110110010011
1011111101000010000011010011110110111110011
1011111100000000000010010010110000011100011
1111111101000010000010011110100101111110110
1110110100000010000110110111110101011110110
1010110101000010000110000100110111011110110
1011110101000011100110100101110101011110110
1010110101000011000110100110100110011110010
1111110111000011000110110111000000000010010
1111110111000011000110110111110100001110010
1111110101000011000110110111010011001110010
1111110111000011001110110111100111111110110
1111110111100011001110011111100111111110110
0011110111100011001110011111100001111110010
0111110111100011001110011110110000111111010
1111110111100011001111011111110001111110011
0101110111100011001111111111110001111110011
1111110111100011001111111101110101111110011
0111110111100011001111111111100001111110010
0101010111100011001111111100101000111110011
0110110111100011001111111111100111011110110
0110110111100011001111111111100011110010110
0110110111100011001111111110110000001110011
0100110111100011001111111101110111111110110
0101110111000011001111011101100100001110110
0001110111100011001111011111110000111110010
0101110111100011001111111101000001111110011
0110110111100011011111111111110111111111111
0110110111100011011111111111110111010110111
0111110111100011011111111111110111111111110
0111110111100011101111111100111001111110111
0111110111100011101111111101101111100010111
0111110111100011111111011100110011101110011
0110110111100011111111111100111001101100111
0110110111100011011111011100111001011110111
0110110111100011011111111100111000001110111
1000110111100011001111111100100001100010110
0000110111100011001111111100111000101110110
0000110111100011001111111110110000111111110
0110110111100011001111111100111101111110110
0110110111100011001111111100111101111110110
0110110111100011001110111100111101111100110
0100110111100011001110111100110101001100010
0100110111100011101111111100011000011100010
0111000111100011011111111111111111101110111
0101110111100011011111111110110111110010111
0101110111100011011111111111111011011110111
0111110111100011111111111111111111001111111
0111110111100011111111111111111111111111111
0111110111100011111111111111111111111111111
0111110111100011111111111111111101111111111
0111110111100011111111111110111001101111111
0101110111100011111110111110010001001100111
0101110111100011111111111110011101001110111
0101000011100011111101111110110001100010111
0101000011100010111101111110110001100010111
0000110011100011111110110010110000001100010
1101110011100011011110100010110000001101010
1101110011100011011111101010110001001101011
0101110011100011011111101010010001111101011
0101000011100000011101100010110001001100011
0101000011100011111111101010010000001111011
0101000011100011111111101010010001001111011
0101000011100011111111101010010001001111011
0101100011100011111111101010010001001101011
1101110011100011011111101010010001000001011
0101100011100011111111101010010001001101011
0110010011100010001110100010000000101101010
0000000011100010011110100010110000001101011
0001111101000000000010011101101000100010111
0001111101000001100011011101110001110010110
0111111101000001000010011101110111110010111
0111111101000000100011011111110111110011110
0111111101000001101010011101110011011111111
0101111101000001000011011111110001110010111
0111111101000001000011011111100111111110110
0111111101000001000010011111110011011110110
0000111101000011100010011111110111001110110
0011111111000011101010011111110111010010111
0101111101000001000011010111110011000010110
0001111101000001000011010111110011001110110
0101011101000001000011010010110010000010110
0111111101000001000011110000110011000010110
0101111101000001100011111111100011000010110
0100111101000011100011111111110011000010110
0111111101000011100011011111110111001110110
0111111101000010110010011111110011111100110
0101111101000010100011011111010011100010110
0111110111000001111010111111100011010011111
0111110111100001111011111111110111111111111
0111000111000001011011110001110010001110011
0111010111000001011011110001111011101110011
0111110111100011111111101111111111111111011
0101010011100011111111111110111011101110011
0101000011100000111101101110111111101111011
0101110111100010011111111110110011001110011
0101010011100000011101111111010010000011011
0101010011100000011101111111010011100010011
0111000011100000011111111101010011101110011
0111010011100000011111111000010011001110011
0111000011100011011101110011110111011110011
0111110101100001011011111000110111000010011
0111110111000001011011111001110011000010110
0101010111100001011111110001110111111110111
0001010011100001011111100001110011000010000
0110000011100010011101110001110011001110010
0110000011100011011111110001110011000010110
0111000011100010011111111010110111010011110
0101000011100010011111110011110101001111111
0101000011100010011111110011110011111111110
0110000011100000011111110010110011001111110
0101010011100001111111101010110001001111011
0101000011111101011111101100110011101110010
0101000011111111111111110110110111101111110
0000000011111110011100101100010011001111111
0001000011110110011100101100110111101111111
0100110011111111111110101000010101000010011
0100110011111100111110101000010001001101011
0101100011110111111110101000010101001101011
0100000011111100111110101000010101000000011
0101110011111101111110101000010101000001011
0000010011111111111111101000000111010011011
0001000011111111111100101000000101010011011
0101000011111110011100111101110011001111110
0011000011111110011110101101110011100010110
0001000011111110011110100101110111101111010
0011000011110111011111111101110011100011010
0000000011110110011111100001110011100011010
0100000011110111011111110001110011100010010
0100000011110110111111111001110011100010010
0100000011110111011111111001110111100010010
0000000001110101001011100001110011100010010
0111000011111110011111100000110011000010010
0111000011111110011101111101110011100011111
0111000011111110011101111101010011111111011
0111000011111101011101101001110111110011011
0111000011111100011100001001010111110010011
0001000001011000011100001001110111110010011
0001000001011000011110001001110111110010011
0101000001111111011100001001110111110010011
0001100001011010011110001001110111110010011
0111100001011110011110001001110111110011011
0001000001011010011110001001110111110010011
0001010001111111011110001001110111110010011
0001000001011010011110001001110111110010011
0001000001011010011100001001110111110010011
0001000001011000011100001001110111110010011
0001000001011000011110001001110111110010011
0001000001011000011100001001110111110010011




vanschaik2009_unk_absent
00000111010111100000000000000110111
01001010111000100100000100011111110
01000001010000000100011000000101111
10110000011000001110000011101111110
11010101010001011101100011100010111
11010001000000011110001011111111011
01011000110000000000000000011000000
00000100011000000000011110111101000



vanschaik2009_unk_present
00000111010111100000000000000110111
01001010111000100100000100011111110
01000001010000000100011000000101111
10110000011000001110000011101111110
11010101010001011101100011100010111
11010001000000011110001011111111011
01011000110000011111111111011001101
00000100011000000000011110111101000



vanschaik2009_habitualcustomary_only
00000111010111100000000000000110000
00001000011000100100000000010111000
01000000000000000000001000000101000
10100000000000000100000000000110000
00000101000001000101100000000010100
11000001000000011110001011000110011
01010000110000000000000000011000000
00000100010000000000011100110100000



welsch_etal1992
11110111000100111111101000111111110100010110000
10000110000100010101101000110101010101000000000
00000010010000110110100000010110010001000001000
11110111010100111101111010111111110111011001000
00000010010000001000100010001111110000000000000
11110010011101111111110111111101010110010101110
01001110011001111000100010001011010100000001000
00100010011101110101000010101011110100000000110
11110011011101110011100010111111110100010100001
01111111001101111101110110111111111110011000111
11111111011101111111110100111101010110011010111
11110111001101110101110100111111110100000110100
11001111000100100110100100000000000000000000000
11111111011111111101100111111111111110000101001
01111110000001111011110111001111010000000001000
11101100000001111111100000001001011110000000000
00101110010110111000100000000101010000000000100
11101101000011111000010000000000000000001010000
11111100011111101111110010100001010110101000010
11101101000110010110000000000000000000101000000
10111101110010111110000001010111010000100010000
01111101010010111100000100100000001010101000000
01111111110111111111110011110011011100101000000
01101111110100110100000001000100101000000000000
11101111111010111100000001000011011110000000111
11111111110101111101010111111111101110010110011
11011101101000001110000111110001010000000010101
01001001101000000011100111110100001100000000000
00100000001000010000000001101101011100000000000
00100011010000000000000000011001011110000101000
01100011010000111010000000100000001000010010010



whiten_unknowns_are_absent
000110000000010110000000001000011100000
111110010001001100000011101011010010000
011111111111111011101011000100100101100
000000000000000011000000001100000000001
000100000000001010101011111111100110000
000001000000000010100011011100111000000
001110100000011111110101011001101111110
000100000001000010001010010101100111000
000110000000000000001010110010100100110



whiten_unknowns_are_present
000111100001111111111111111111111111111
111110010001001100000011101011010010000
011111111111111011101011000100100101100
000111100000111011110101101111100101111
000100000000001010101111111111100110010
000001000000000010100111011100111000010
001110100000011111110101011001101111110
000100000001000010001010010101100111000
000110000000000000001010110010100100110



whiten_habitualcustomary_only
000010000000010110000000001000011000000
111110000000000000000010100011000000000
011111111111111011101011000100100000100
000000000000000011000000001100000000001
000100000000000010100011011111100000000
000000000000000010100011011100111000000
000110000000011111110101010000101110000
000000000000000010001010010101100111000
000010000000000000001010100010100100110
